"time" "S" "E" "I" "R"
"62" 1 1300 1 0 0
"1062" 2 1300 1 0 0
"2062" 3 1300 0 1 0
"3062" 4 1299 1 1 0
"4062" 5 1299 1 0 1
"5062" 6 1299 1 0 1
"6062" 7 1297 2 1 1
"7062" 8 1296 2 2 1
"8062" 9 1296 2 2 1
"9062" 10 1295 2 3 1
"10062" 11 1295 2 3 1
"11062" 12 1294 3 3 1
"12062" 13 1293 4 3 1
"13062" 14 1293 3 3 2
"14062" 15 1290 6 3 2
"15062" 16 1289 7 3 2
"16062" 17 1287 8 3 3
"17062" 18 1283 11 4 3
"18062" 19 1278 13 7 3
"19062" 20 1271 15 10 5
"20062" 21 1267 16 13 5
"21062" 22 1263 17 14 7
"22062" 23 1252 22 17 10
"23062" 24 1244 25 21 11
"24062" 25 1226 37 23 15
"25062" 26 1206 47 27 21
"26062" 27 1196 48 31 26
"27062" 28 1180 55 36 30
"28062" 29 1161 64 43 33
"29062" 30 1138 74 44 45
"30062" 31 1122 78 49 52
"31062" 32 1101 80 51 69
"32062" 33 1082 74 60 85
"33062" 34 1069 79 58 95
"34062" 35 1043 89 62 107
"35062" 36 1022 90 70 119
"36062" 37 995 100 71 135
"37062" 38 973 102 77 149
"38062" 39 946 105 80 170
"39062" 40 909 115 88 189
"40062" 41 879 128 93 201
"41062" 42 841 129 112 219
"42062" 43 806 134 118 243
"43062" 44 767 147 124 263
"44062" 45 737 148 124 292
"45062" 46 707 151 118 325
"46062" 47 669 150 133 349
"47062" 48 639 143 147 372
"48062" 49 597 147 155 402
"49062" 50 564 156 147 434
"50062" 51 537 154 145 465
"51062" 52 511 156 137 497
"52062" 53 491 148 139 523
"53062" 54 453 157 140 551
"54062" 55 431 150 141 579
"55062" 56 406 131 158 606
"56062" 57 384 119 157 641
"57062" 58 365 112 152 672
"58062" 59 340 113 144 704
"59062" 60 324 110 136 731
"60062" 61 305 105 140 751
"61062" 62 286 109 126 780
"62062" 63 269 109 119 804
"63062" 64 255 100 115 831
"64062" 65 248 81 117 855
"65062" 66 239 78 105 879
"66062" 67 229 75 102 895
"67062" 68 216 69 102 914
"68062" 69 210 67 94 930
"69062" 70 203 62 92 944
"70062" 71 199 50 90 962
"71062" 72 193 47 84 977
"72062" 73 191 44 78 988
"73062" 74 188 36 75 1002
"74062" 75 183 31 72 1015
"75062" 76 179 27 69 1026
"76062" 77 175 27 64 1035
"77062" 78 167 30 60 1044
"78062" 79 163 25 60 1053
"79062" 80 161 23 51 1066
"80062" 81 157 20 52 1072
"81062" 82 152 22 47 1080
"82062" 83 150 22 39 1090
"83062" 84 150 21 35 1095
"84062" 85 148 14 39 1100
"85062" 86 148 12 35 1106
"86062" 87 146 11 32 1112
"87062" 88 145 11 26 1119
"88062" 89 144 10 25 1122
"89062" 90 142 11 20 1128
"90062" 91 140 11 17 1133
"91062" 92 139 11 16 1135
"92062" 93 139 9 13 1140
"93062" 94 139 7 14 1141
"94062" 95 139 6 11 1145
"95062" 96 138 7 8 1148
"96062" 97 138 5 8 1150
"97062" 98 137 4 9 1151
"98062" 99 136 4 7 1154
"99062" 100 136 2 7 1156
"100062" 101 134 4 7 1156
"101062" 102 133 4 5 1159
"102062" 103 131 4 5 1161
"103062" 104 130 3 6 1162
"104062" 105 128 4 6 1163
"105062" 106 127 4 6 1164
"106062" 107 127 4 6 1164
"107062" 108 125 5 6 1165
"108062" 109 125 4 6 1166
"109062" 110 125 3 4 1169
"110062" 111 125 3 4 1169
"111062" 112 125 3 4 1169
"112062" 113 125 3 3 1170
"113062" 114 125 3 2 1171
"114062" 115 125 2 1 1173
"115062" 116 125 2 1 1173
"116062" 117 125 1 1 1174
"117062" 118 125 0 2 1174
"118062" 119 125 0 2 1174
"119062" 120 125 0 1 1175
"120062" 121 125 0 1 1175
"121062" 122 125 0 1 1175
"122062" 123 125 0 0 1176
"123062" 124 125 0 0 1176
"124062" 125 125 0 0 1176
"125062" 126 125 0 0 1176
"126062" 127 125 0 0 1176
"127062" 128 125 0 0 1176
"128062" 129 125 0 0 1176
"129062" 130 125 0 0 1176
"130062" 131 125 0 0 1176
"131062" 132 125 0 0 1176
"132062" 133 125 0 0 1176
"133062" 134 125 0 0 1176
"134062" 135 125 0 0 1176
"135062" 136 125 0 0 1176
"136062" 137 125 0 0 1176
"137062" 138 125 0 0 1176
"138062" 139 125 0 0 1176
"139062" 140 125 0 0 1176
"140062" 141 125 0 0 1176
"141062" 142 125 0 0 1176
"142062" 143 125 0 0 1176
"143062" 144 125 0 0 1176
"144062" 145 125 0 0 1176
"145062" 146 125 0 0 1176
"146062" 147 125 0 0 1176
"147062" 148 125 0 0 1176
"148062" 149 125 0 0 1176
"149062" 150 125 0 0 1176
"150062" 151 125 0 0 1176
"151062" 152 125 0 0 1176
"152062" 153 125 0 0 1176
"153062" 154 125 0 0 1176
"154062" 155 125 0 0 1176
"155062" 156 125 0 0 1176
"156062" 157 125 0 0 1176
"157062" 158 125 0 0 1176
"158062" 159 125 0 0 1176
"159062" 160 125 0 0 1176
"160062" 161 125 0 0 1176
"161062" 162 125 0 0 1176
"162062" 163 125 0 0 1176
"163062" 164 125 0 0 1176
"164062" 165 125 0 0 1176
"165062" 166 125 0 0 1176
"166062" 167 125 0 0 1176
"167062" 168 125 0 0 1176
"168062" 169 125 0 0 1176
"169062" 170 125 0 0 1176
"170062" 171 125 0 0 1176
"171062" 172 125 0 0 1176
"172062" 173 125 0 0 1176
"173062" 174 125 0 0 1176
"174062" 175 125 0 0 1176
"175062" 176 125 0 0 1176
"176062" 177 125 0 0 1176
"177062" 178 125 0 0 1176
"178062" 179 125 0 0 1176
"179062" 180 125 0 0 1176
"180062" 181 125 0 0 1176
"181062" 182 125 0 0 1176
"182062" 183 125 0 0 1176
"183062" 184 125 0 0 1176
"184062" 185 125 0 0 1176
"185062" 186 125 0 0 1176
"186062" 187 125 0 0 1176
"187062" 188 125 0 0 1176
"188062" 189 125 0 0 1176
"189062" 190 125 0 0 1176
"190062" 191 125 0 0 1176
"191062" 192 125 0 0 1176
"192062" 193 125 0 0 1176
"193062" 194 125 0 0 1176
"194062" 195 125 0 0 1176
"195062" 196 125 0 0 1176
"196062" 197 125 0 0 1176
"197062" 198 125 0 0 1176
"198062" 199 125 0 0 1176
"199062" 200 125 0 0 1176
"200062" 201 125 0 0 1176
"201062" 202 125 0 0 1176
"202062" 203 125 0 0 1176
"203062" 204 125 0 0 1176
"204062" 205 125 0 0 1176
"205062" 206 125 0 0 1176
"206062" 207 125 0 0 1176
"207062" 208 125 0 0 1176
"208062" 209 125 0 0 1176
"209062" 210 125 0 0 1176
"210062" 211 125 0 0 1176
"211062" 212 125 0 0 1176
"212062" 213 125 0 0 1176
"213062" 214 125 0 0 1176
"214062" 215 125 0 0 1176
"215062" 216 125 0 0 1176
"216062" 217 125 0 0 1176
"217062" 218 125 0 0 1176
"218062" 219 125 0 0 1176
"219062" 220 125 0 0 1176
"220062" 221 125 0 0 1176
"221062" 222 125 0 0 1176
"222062" 223 125 0 0 1176
"223062" 224 125 0 0 1176
"224062" 225 125 0 0 1176
"225062" 226 125 0 0 1176
"226062" 227 125 0 0 1176
"227062" 228 125 0 0 1176
"228062" 229 125 0 0 1176
"229062" 230 125 0 0 1176
"230062" 231 125 0 0 1176
"231062" 232 125 0 0 1176
"232062" 233 125 0 0 1176
"233062" 234 125 0 0 1176
"234062" 235 125 0 0 1176
"235062" 236 125 0 0 1176
"236062" 237 125 0 0 1176
"237062" 238 125 0 0 1176
"238062" 239 125 0 0 1176
"239062" 240 125 0 0 1176
"240062" 241 125 0 0 1176
"241062" 242 125 0 0 1176
"242062" 243 125 0 0 1176
"243062" 244 125 0 0 1176
"244062" 245 125 0 0 1176
"245062" 246 125 0 0 1176
"246062" 247 125 0 0 1176
"247062" 248 125 0 0 1176
"248062" 249 125 0 0 1176
"249062" 250 125 0 0 1176
"250062" 251 125 0 0 1176
"251062" 252 125 0 0 1176
"252062" 253 125 0 0 1176
"253062" 254 125 0 0 1176
"254062" 255 125 0 0 1176
"255062" 256 125 0 0 1176
"256062" 257 125 0 0 1176
"257062" 258 125 0 0 1176
"258062" 259 125 0 0 1176
"259062" 260 125 0 0 1176
"260062" 261 125 0 0 1176
"261062" 262 125 0 0 1176
"262062" 263 125 0 0 1176
"263062" 264 125 0 0 1176
"264062" 265 125 0 0 1176
"265062" 266 125 0 0 1176
"266062" 267 125 0 0 1176
"267062" 268 125 0 0 1176
"268062" 269 125 0 0 1176
"269062" 270 125 0 0 1176
"270062" 271 125 0 0 1176
"271062" 272 125 0 0 1176
"272062" 273 125 0 0 1176
"273062" 274 125 0 0 1176
"274062" 275 125 0 0 1176
"275062" 276 125 0 0 1176
"276062" 277 125 0 0 1176
"277062" 278 125 0 0 1176
"278062" 279 125 0 0 1176
"279062" 280 125 0 0 1176
"280062" 281 125 0 0 1176
"281062" 282 125 0 0 1176
"282062" 283 125 0 0 1176
"283062" 284 125 0 0 1176
"284062" 285 125 0 0 1176
"285062" 286 125 0 0 1176
"286062" 287 125 0 0 1176
"287062" 288 125 0 0 1176
"288062" 289 125 0 0 1176
"289062" 290 125 0 0 1176
"290062" 291 125 0 0 1176
"291062" 292 125 0 0 1176
"292062" 293 125 0 0 1176
"293062" 294 125 0 0 1176
"294062" 295 125 0 0 1176
"295062" 296 125 0 0 1176
"296062" 297 125 0 0 1176
"297062" 298 125 0 0 1176
"298062" 299 125 0 0 1176
"299062" 300 125 0 0 1176
"300062" 301 125 0 0 1176
"301062" 302 125 0 0 1176
"302062" 303 125 0 0 1176
"303062" 304 125 0 0 1176
"304062" 305 125 0 0 1176
"305062" 306 125 0 0 1176
"306062" 307 125 0 0 1176
"307062" 308 125 0 0 1176
"308062" 309 125 0 0 1176
"309062" 310 125 0 0 1176
"310062" 311 125 0 0 1176
"311062" 312 125 0 0 1176
"312062" 313 125 0 0 1176
"313062" 314 125 0 0 1176
"314062" 315 125 0 0 1176
"315062" 316 125 0 0 1176
"316062" 317 125 0 0 1176
"317062" 318 125 0 0 1176
"318062" 319 125 0 0 1176
"319062" 320 125 0 0 1176
"320062" 321 125 0 0 1176
"321062" 322 125 0 0 1176
"322062" 323 125 0 0 1176
"323062" 324 125 0 0 1176
"324062" 325 125 0 0 1176
"325062" 326 125 0 0 1176
"326062" 327 125 0 0 1176
"327062" 328 125 0 0 1176
"328062" 329 125 0 0 1176
"329062" 330 125 0 0 1176
"330062" 331 125 0 0 1176
"331062" 332 125 0 0 1176
"332062" 333 125 0 0 1176
"333062" 334 125 0 0 1176
"334062" 335 125 0 0 1176
"335062" 336 125 0 0 1176
"336062" 337 125 0 0 1176
"337062" 338 125 0 0 1176
"338062" 339 125 0 0 1176
"339062" 340 125 0 0 1176
"340062" 341 125 0 0 1176
"341062" 342 125 0 0 1176
"342062" 343 125 0 0 1176
"343062" 344 125 0 0 1176
"344062" 345 125 0 0 1176
"345062" 346 125 0 0 1176
"346062" 347 125 0 0 1176
"347062" 348 125 0 0 1176
"348062" 349 125 0 0 1176
"349062" 350 125 0 0 1176
"350062" 351 125 0 0 1176
"351062" 352 125 0 0 1176
"352062" 353 125 0 0 1176
"353062" 354 125 0 0 1176
"354062" 355 125 0 0 1176
"355062" 356 125 0 0 1176
"356062" 357 125 0 0 1176
"357062" 358 125 0 0 1176
"358062" 359 125 0 0 1176
"359062" 360 125 0 0 1176
"360062" 361 125 0 0 1176
"361062" 362 125 0 0 1176
"362062" 363 125 0 0 1176
"363062" 364 125 0 0 1176
"364062" 365 125 0 0 1176
"365062" 366 125 0 0 1176
"366062" 367 125 0 0 1176
"367062" 368 125 0 0 1176
"368062" 369 125 0 0 1176
"369062" 370 125 0 0 1176
"370062" 371 125 0 0 1176
"371062" 372 125 0 0 1176
"372062" 373 125 0 0 1176
"373062" 374 125 0 0 1176
"374062" 375 125 0 0 1176
"375062" 376 125 0 0 1176
"376062" 377 125 0 0 1176
"377062" 378 125 0 0 1176
"378062" 379 125 0 0 1176
"379062" 380 125 0 0 1176
"380062" 381 125 0 0 1176
"381062" 382 125 0 0 1176
"382062" 383 125 0 0 1176
"383062" 384 125 0 0 1176
"384062" 385 125 0 0 1176
"385062" 386 125 0 0 1176
"386062" 387 125 0 0 1176
"387062" 388 125 0 0 1176
"388062" 389 125 0 0 1176
"389062" 390 125 0 0 1176
"390062" 391 125 0 0 1176
"391062" 392 125 0 0 1176
"392062" 393 125 0 0 1176
"393062" 394 125 0 0 1176
"394062" 395 125 0 0 1176
"395062" 396 125 0 0 1176
"396062" 397 125 0 0 1176
"397062" 398 125 0 0 1176
"398062" 399 125 0 0 1176
"399062" 400 125 0 0 1176
"400062" 401 125 0 0 1176
"401062" 402 125 0 0 1176
"402062" 403 125 0 0 1176
"403062" 404 125 0 0 1176
"404062" 405 125 0 0 1176
"405062" 406 125 0 0 1176
"406062" 407 125 0 0 1176
"407062" 408 125 0 0 1176
"408062" 409 125 0 0 1176
"409062" 410 125 0 0 1176
"410062" 411 125 0 0 1176
"411062" 412 125 0 0 1176
"412062" 413 125 0 0 1176
"413062" 414 125 0 0 1176
"414062" 415 125 0 0 1176
"415062" 416 125 0 0 1176
"416062" 417 125 0 0 1176
"417062" 418 125 0 0 1176
"418062" 419 125 0 0 1176
"419062" 420 125 0 0 1176
"420062" 421 125 0 0 1176
"421062" 422 125 0 0 1176
"422062" 423 125 0 0 1176
"423062" 424 125 0 0 1176
"424062" 425 125 0 0 1176
"425062" 426 125 0 0 1176
"426062" 427 125 0 0 1176
"427062" 428 125 0 0 1176
"428062" 429 125 0 0 1176
"429062" 430 125 0 0 1176
"430062" 431 125 0 0 1176
"431062" 432 125 0 0 1176
"432062" 433 125 0 0 1176
"433062" 434 125 0 0 1176
"434062" 435 125 0 0 1176
"435062" 436 125 0 0 1176
"436062" 437 125 0 0 1176
"437062" 438 125 0 0 1176
"438062" 439 125 0 0 1176
"439062" 440 125 0 0 1176
"440062" 441 125 0 0 1176
"441062" 442 125 0 0 1176
"442062" 443 125 0 0 1176
"443062" 444 125 0 0 1176
"444062" 445 125 0 0 1176
"445062" 446 125 0 0 1176
"446062" 447 125 0 0 1176
"447062" 448 125 0 0 1176
"448062" 449 125 0 0 1176
"449062" 450 125 0 0 1176
"450062" 451 125 0 0 1176
"451062" 452 125 0 0 1176
"452062" 453 125 0 0 1176
"453062" 454 125 0 0 1176
"454062" 455 125 0 0 1176
"455062" 456 125 0 0 1176
"456062" 457 125 0 0 1176
"457062" 458 125 0 0 1176
"458062" 459 125 0 0 1176
"459062" 460 125 0 0 1176
"460062" 461 125 0 0 1176
"461062" 462 125 0 0 1176
"462062" 463 125 0 0 1176
"463062" 464 125 0 0 1176
"464062" 465 125 0 0 1176
"465062" 466 125 0 0 1176
"466062" 467 125 0 0 1176
"467062" 468 125 0 0 1176
"468062" 469 125 0 0 1176
"469062" 470 125 0 0 1176
"470062" 471 125 0 0 1176
"471062" 472 125 0 0 1176
"472062" 473 125 0 0 1176
"473062" 474 125 0 0 1176
"474062" 475 125 0 0 1176
"475062" 476 125 0 0 1176
"476062" 477 125 0 0 1176
"477062" 478 125 0 0 1176
"478062" 479 125 0 0 1176
"479062" 480 125 0 0 1176
"480062" 481 125 0 0 1176
"481062" 482 125 0 0 1176
"482062" 483 125 0 0 1176
"483062" 484 125 0 0 1176
"484062" 485 125 0 0 1176
"485062" 486 125 0 0 1176
"486062" 487 125 0 0 1176
"487062" 488 125 0 0 1176
"488062" 489 125 0 0 1176
"489062" 490 125 0 0 1176
"490062" 491 125 0 0 1176
"491062" 492 125 0 0 1176
"492062" 493 125 0 0 1176
"493062" 494 125 0 0 1176
"494062" 495 125 0 0 1176
"495062" 496 125 0 0 1176
"496062" 497 125 0 0 1176
"497062" 498 125 0 0 1176
"498062" 499 125 0 0 1176
"499062" 500 125 0 0 1176
"500062" 501 125 0 0 1176
"501062" 502 125 0 0 1176
"502062" 503 125 0 0 1176
"503062" 504 125 0 0 1176
"504062" 505 125 0 0 1176
"505062" 506 125 0 0 1176
"506062" 507 125 0 0 1176
"507062" 508 125 0 0 1176
"508062" 509 125 0 0 1176
"509062" 510 125 0 0 1176
"510062" 511 125 0 0 1176
"511062" 512 125 0 0 1176
"512062" 513 125 0 0 1176
"513062" 514 125 0 0 1176
"514062" 515 125 0 0 1176
"515062" 516 125 0 0 1176
"516062" 517 125 0 0 1176
"517062" 518 125 0 0 1176
"518062" 519 125 0 0 1176
"519062" 520 125 0 0 1176
"520062" 521 125 0 0 1176
"521062" 522 125 0 0 1176
"522062" 523 125 0 0 1176
"523062" 524 125 0 0 1176
"524062" 525 125 0 0 1176
"525062" 526 125 0 0 1176
"526062" 527 125 0 0 1176
"527062" 528 125 0 0 1176
"528062" 529 125 0 0 1176
"529062" 530 125 0 0 1176
"530062" 531 125 0 0 1176
"531062" 532 125 0 0 1176
"532062" 533 125 0 0 1176
"533062" 534 125 0 0 1176
"534062" 535 125 0 0 1176
"535062" 536 125 0 0 1176
"536062" 537 125 0 0 1176
"537062" 538 125 0 0 1176
"538062" 539 125 0 0 1176
"539062" 540 125 0 0 1176
"540062" 541 125 0 0 1176
"541062" 542 125 0 0 1176
"542062" 543 125 0 0 1176
"543062" 544 125 0 0 1176
"544062" 545 125 0 0 1176
"545062" 546 125 0 0 1176
"546062" 547 125 0 0 1176
"547062" 548 125 0 0 1176
"548062" 549 125 0 0 1176
"549062" 550 125 0 0 1176
"550062" 551 125 0 0 1176
"551062" 552 125 0 0 1176
"552062" 553 125 0 0 1176
"553062" 554 125 0 0 1176
"554062" 555 125 0 0 1176
"555062" 556 125 0 0 1176
"556062" 557 125 0 0 1176
"557062" 558 125 0 0 1176
"558062" 559 125 0 0 1176
"559062" 560 125 0 0 1176
"560062" 561 125 0 0 1176
"561062" 562 125 0 0 1176
"562062" 563 125 0 0 1176
"563062" 564 125 0 0 1176
"564062" 565 125 0 0 1176
"565062" 566 125 0 0 1176
"566062" 567 125 0 0 1176
"567062" 568 125 0 0 1176
"568062" 569 125 0 0 1176
"569062" 570 125 0 0 1176
"570062" 571 125 0 0 1176
"571062" 572 125 0 0 1176
"572062" 573 125 0 0 1176
"573062" 574 125 0 0 1176
"574062" 575 125 0 0 1176
"575062" 576 125 0 0 1176
"576062" 577 125 0 0 1176
"577062" 578 125 0 0 1176
"578062" 579 125 0 0 1176
"579062" 580 125 0 0 1176
"580062" 581 125 0 0 1176
"581062" 582 125 0 0 1176
"582062" 583 125 0 0 1176
"583062" 584 125 0 0 1176
"584062" 585 125 0 0 1176
"585062" 586 125 0 0 1176
"586062" 587 125 0 0 1176
"587062" 588 125 0 0 1176
"588062" 589 125 0 0 1176
"589062" 590 125 0 0 1176
"590062" 591 125 0 0 1176
"591062" 592 125 0 0 1176
"592062" 593 125 0 0 1176
"593062" 594 125 0 0 1176
"594062" 595 125 0 0 1176
"595062" 596 125 0 0 1176
"596062" 597 125 0 0 1176
"597062" 598 125 0 0 1176
"598062" 599 125 0 0 1176
"599062" 600 125 0 0 1176
"600062" 601 125 0 0 1176
"601062" 602 125 0 0 1176
"602062" 603 125 0 0 1176
"603062" 604 125 0 0 1176
"604062" 605 125 0 0 1176
"605062" 606 125 0 0 1176
"606062" 607 125 0 0 1176
"607062" 608 125 0 0 1176
"608062" 609 125 0 0 1176
"609062" 610 125 0 0 1176
"610062" 611 125 0 0 1176
"611062" 612 125 0 0 1176
"612062" 613 125 0 0 1176
"613062" 614 125 0 0 1176
"614062" 615 125 0 0 1176
"615062" 616 125 0 0 1176
"616062" 617 125 0 0 1176
"617062" 618 125 0 0 1176
"618062" 619 125 0 0 1176
"619062" 620 125 0 0 1176
"620062" 621 125 0 0 1176
"621062" 622 125 0 0 1176
"622062" 623 125 0 0 1176
"623062" 624 125 0 0 1176
"624062" 625 125 0 0 1176
"625062" 626 125 0 0 1176
"626062" 627 125 0 0 1176
"627062" 628 125 0 0 1176
"628062" 629 125 0 0 1176
"629062" 630 125 0 0 1176
"630062" 631 125 0 0 1176
"631062" 632 125 0 0 1176
"632062" 633 125 0 0 1176
"633062" 634 125 0 0 1176
"634062" 635 125 0 0 1176
"635062" 636 125 0 0 1176
"636062" 637 125 0 0 1176
"637062" 638 125 0 0 1176
"638062" 639 125 0 0 1176
"639062" 640 125 0 0 1176
"640062" 641 125 0 0 1176
"641062" 642 125 0 0 1176
"642062" 643 125 0 0 1176
"643062" 644 125 0 0 1176
"644062" 645 125 0 0 1176
"645062" 646 125 0 0 1176
"646062" 647 125 0 0 1176
"647062" 648 125 0 0 1176
"648062" 649 125 0 0 1176
"649062" 650 125 0 0 1176
"650062" 651 125 0 0 1176
"651062" 652 125 0 0 1176
"652062" 653 125 0 0 1176
"653062" 654 125 0 0 1176
"654062" 655 125 0 0 1176
"655062" 656 125 0 0 1176
"656062" 657 125 0 0 1176
"657062" 658 125 0 0 1176
"658062" 659 125 0 0 1176
"659062" 660 125 0 0 1176
"660062" 661 125 0 0 1176
"661062" 662 125 0 0 1176
"662062" 663 125 0 0 1176
"663062" 664 125 0 0 1176
"664062" 665 125 0 0 1176
"665062" 666 125 0 0 1176
"666062" 667 125 0 0 1176
"667062" 668 125 0 0 1176
"668062" 669 125 0 0 1176
"669062" 670 125 0 0 1176
"670062" 671 125 0 0 1176
"671062" 672 125 0 0 1176
"672062" 673 125 0 0 1176
"673062" 674 125 0 0 1176
"674062" 675 125 0 0 1176
"675062" 676 125 0 0 1176
"676062" 677 125 0 0 1176
"677062" 678 125 0 0 1176
"678062" 679 125 0 0 1176
"679062" 680 125 0 0 1176
"680062" 681 125 0 0 1176
"681062" 682 125 0 0 1176
"682062" 683 125 0 0 1176
"683062" 684 125 0 0 1176
"684062" 685 125 0 0 1176
"685062" 686 125 0 0 1176
"686062" 687 125 0 0 1176
"687062" 688 125 0 0 1176
"688062" 689 125 0 0 1176
"689062" 690 125 0 0 1176
"690062" 691 125 0 0 1176
"691062" 692 125 0 0 1176
"692062" 693 125 0 0 1176
"693062" 694 125 0 0 1176
"694062" 695 125 0 0 1176
"695062" 696 125 0 0 1176
"696062" 697 125 0 0 1176
"697062" 698 125 0 0 1176
"698062" 699 125 0 0 1176
"699062" 700 125 0 0 1176
"700062" 701 125 0 0 1176
"701062" 702 125 0 0 1176
"702062" 703 125 0 0 1176
"703062" 704 125 0 0 1176
"704062" 705 125 0 0 1176
"705062" 706 125 0 0 1176
"706062" 707 125 0 0 1176
"707062" 708 125 0 0 1176
"708062" 709 125 0 0 1176
"709062" 710 125 0 0 1176
"710062" 711 125 0 0 1176
"711062" 712 125 0 0 1176
"712062" 713 125 0 0 1176
"713062" 714 125 0 0 1176
"714062" 715 125 0 0 1176
"715062" 716 125 0 0 1176
"716062" 717 125 0 0 1176
"717062" 718 125 0 0 1176
"718062" 719 125 0 0 1176
"719062" 720 125 0 0 1176
"720062" 721 125 0 0 1176
"721062" 722 125 0 0 1176
"722062" 723 125 0 0 1176
"723062" 724 125 0 0 1176
"724062" 725 125 0 0 1176
"725062" 726 125 0 0 1176
"726062" 727 125 0 0 1176
"727062" 728 125 0 0 1176
"728062" 729 125 0 0 1176
"729062" 730 125 0 0 1176
"730062" 731 125 0 0 1176
"731062" 732 125 0 0 1176
"732062" 733 125 0 0 1176
"733062" 734 125 0 0 1176
"734062" 735 125 0 0 1176
"735062" 736 125 0 0 1176
"736062" 737 125 0 0 1176
"737062" 738 125 0 0 1176
"738062" 739 125 0 0 1176
"739062" 740 125 0 0 1176
"740062" 741 125 0 0 1176
"741062" 742 125 0 0 1176
"742062" 743 125 0 0 1176
"743062" 744 125 0 0 1176
"744062" 745 125 0 0 1176
"745062" 746 125 0 0 1176
"746062" 747 125 0 0 1176
"747062" 748 125 0 0 1176
"748062" 749 125 0 0 1176
"749062" 750 125 0 0 1176
"750062" 751 125 0 0 1176
"751062" 752 125 0 0 1176
"752062" 753 125 0 0 1176
"753062" 754 125 0 0 1176
"754062" 755 125 0 0 1176
"755062" 756 125 0 0 1176
"756062" 757 125 0 0 1176
"757062" 758 125 0 0 1176
"758062" 759 125 0 0 1176
"759062" 760 125 0 0 1176
"760062" 761 125 0 0 1176
"761062" 762 125 0 0 1176
"762062" 763 125 0 0 1176
"763062" 764 125 0 0 1176
"764062" 765 125 0 0 1176
"765062" 766 125 0 0 1176
"766062" 767 125 0 0 1176
"767062" 768 125 0 0 1176
"768062" 769 125 0 0 1176
"769062" 770 125 0 0 1176
"770062" 771 125 0 0 1176
"771062" 772 125 0 0 1176
"772062" 773 125 0 0 1176
"773062" 774 125 0 0 1176
"774062" 775 125 0 0 1176
"775062" 776 125 0 0 1176
"776062" 777 125 0 0 1176
"777062" 778 125 0 0 1176
"778062" 779 125 0 0 1176
"779062" 780 125 0 0 1176
"780062" 781 125 0 0 1176
"781062" 782 125 0 0 1176
"782062" 783 125 0 0 1176
"783062" 784 125 0 0 1176
"784062" 785 125 0 0 1176
"785062" 786 125 0 0 1176
"786062" 787 125 0 0 1176
"787062" 788 125 0 0 1176
"788062" 789 125 0 0 1176
"789062" 790 125 0 0 1176
"790062" 791 125 0 0 1176
"791062" 792 125 0 0 1176
"792062" 793 125 0 0 1176
"793062" 794 125 0 0 1176
"794062" 795 125 0 0 1176
"795062" 796 125 0 0 1176
"796062" 797 125 0 0 1176
"797062" 798 125 0 0 1176
"798062" 799 125 0 0 1176
"799062" 800 125 0 0 1176
"800062" 801 125 0 0 1176
"801062" 802 125 0 0 1176
"802062" 803 125 0 0 1176
"803062" 804 125 0 0 1176
"804062" 805 125 0 0 1176
"805062" 806 125 0 0 1176
"806062" 807 125 0 0 1176
"807062" 808 125 0 0 1176
"808062" 809 125 0 0 1176
"809062" 810 125 0 0 1176
"810062" 811 125 0 0 1176
"811062" 812 125 0 0 1176
"812062" 813 125 0 0 1176
"813062" 814 125 0 0 1176
"814062" 815 125 0 0 1176
"815062" 816 125 0 0 1176
"816062" 817 125 0 0 1176
"817062" 818 125 0 0 1176
"818062" 819 125 0 0 1176
"819062" 820 125 0 0 1176
"820062" 821 125 0 0 1176
"821062" 822 125 0 0 1176
"822062" 823 125 0 0 1176
"823062" 824 125 0 0 1176
"824062" 825 125 0 0 1176
"825062" 826 125 0 0 1176
"826062" 827 125 0 0 1176
"827062" 828 125 0 0 1176
"828062" 829 125 0 0 1176
"829062" 830 125 0 0 1176
"830062" 831 125 0 0 1176
"831062" 832 125 0 0 1176
"832062" 833 125 0 0 1176
"833062" 834 125 0 0 1176
"834062" 835 125 0 0 1176
"835062" 836 125 0 0 1176
"836062" 837 125 0 0 1176
"837062" 838 125 0 0 1176
"838062" 839 125 0 0 1176
"839062" 840 125 0 0 1176
"840062" 841 125 0 0 1176
"841062" 842 125 0 0 1176
"842062" 843 125 0 0 1176
"843062" 844 125 0 0 1176
"844062" 845 125 0 0 1176
"845062" 846 125 0 0 1176
"846062" 847 125 0 0 1176
"847062" 848 125 0 0 1176
"848062" 849 125 0 0 1176
"849062" 850 125 0 0 1176
"850062" 851 125 0 0 1176
"851062" 852 125 0 0 1176
"852062" 853 125 0 0 1176
"853062" 854 125 0 0 1176
"854062" 855 125 0 0 1176
"855062" 856 125 0 0 1176
"856062" 857 125 0 0 1176
"857062" 858 125 0 0 1176
"858062" 859 125 0 0 1176
"859062" 860 125 0 0 1176
"860062" 861 125 0 0 1176
"861062" 862 125 0 0 1176
"862062" 863 125 0 0 1176
"863062" 864 125 0 0 1176
"864062" 865 125 0 0 1176
"865062" 866 125 0 0 1176
"866062" 867 125 0 0 1176
"867062" 868 125 0 0 1176
"868062" 869 125 0 0 1176
"869062" 870 125 0 0 1176
"870062" 871 125 0 0 1176
"871062" 872 125 0 0 1176
"872062" 873 125 0 0 1176
"873062" 874 125 0 0 1176
"874062" 875 125 0 0 1176
"875062" 876 125 0 0 1176
"876062" 877 125 0 0 1176
"877062" 878 125 0 0 1176
"878062" 879 125 0 0 1176
"879062" 880 125 0 0 1176
"880062" 881 125 0 0 1176
"881062" 882 125 0 0 1176
"882062" 883 125 0 0 1176
"883062" 884 125 0 0 1176
"884062" 885 125 0 0 1176
"885062" 886 125 0 0 1176
"886062" 887 125 0 0 1176
"887062" 888 125 0 0 1176
"888062" 889 125 0 0 1176
"889062" 890 125 0 0 1176
"890062" 891 125 0 0 1176
"891062" 892 125 0 0 1176
"892062" 893 125 0 0 1176
"893062" 894 125 0 0 1176
"894062" 895 125 0 0 1176
"895062" 896 125 0 0 1176
"896062" 897 125 0 0 1176
"897062" 898 125 0 0 1176
"898062" 899 125 0 0 1176
"899062" 900 125 0 0 1176
"900062" 901 125 0 0 1176
"901062" 902 125 0 0 1176
"902062" 903 125 0 0 1176
"903062" 904 125 0 0 1176
"904062" 905 125 0 0 1176
"905062" 906 125 0 0 1176
"906062" 907 125 0 0 1176
"907062" 908 125 0 0 1176
"908062" 909 125 0 0 1176
"909062" 910 125 0 0 1176
"910062" 911 125 0 0 1176
"911062" 912 125 0 0 1176
"912062" 913 125 0 0 1176
"913062" 914 125 0 0 1176
"914062" 915 125 0 0 1176
"915062" 916 125 0 0 1176
"916062" 917 125 0 0 1176
"917062" 918 125 0 0 1176
"918062" 919 125 0 0 1176
"919062" 920 125 0 0 1176
"920062" 921 125 0 0 1176
"921062" 922 125 0 0 1176
"922062" 923 125 0 0 1176
"923062" 924 125 0 0 1176
"924062" 925 125 0 0 1176
"925062" 926 125 0 0 1176
"926062" 927 125 0 0 1176
"927062" 928 125 0 0 1176
"928062" 929 125 0 0 1176
"929062" 930 125 0 0 1176
"930062" 931 125 0 0 1176
"931062" 932 125 0 0 1176
"932062" 933 125 0 0 1176
"933062" 934 125 0 0 1176
"934062" 935 125 0 0 1176
"935062" 936 125 0 0 1176
"936062" 937 125 0 0 1176
"937062" 938 125 0 0 1176
"938062" 939 125 0 0 1176
"939062" 940 125 0 0 1176
"940062" 941 125 0 0 1176
"941062" 942 125 0 0 1176
"942062" 943 125 0 0 1176
"943062" 944 125 0 0 1176
"944062" 945 125 0 0 1176
"945062" 946 125 0 0 1176
"946062" 947 125 0 0 1176
"947062" 948 125 0 0 1176
"948062" 949 125 0 0 1176
"949062" 950 125 0 0 1176
"950062" 951 125 0 0 1176
"951062" 952 125 0 0 1176
"952062" 953 125 0 0 1176
"953062" 954 125 0 0 1176
"954062" 955 125 0 0 1176
"955062" 956 125 0 0 1176
"956062" 957 125 0 0 1176
"957062" 958 125 0 0 1176
"958062" 959 125 0 0 1176
"959062" 960 125 0 0 1176
"960062" 961 125 0 0 1176
"961062" 962 125 0 0 1176
"962062" 963 125 0 0 1176
"963062" 964 125 0 0 1176
"964062" 965 125 0 0 1176
"965062" 966 125 0 0 1176
"966062" 967 125 0 0 1176
"967062" 968 125 0 0 1176
"968062" 969 125 0 0 1176
"969062" 970 125 0 0 1176
"970062" 971 125 0 0 1176
"971062" 972 125 0 0 1176
"972062" 973 125 0 0 1176
"973062" 974 125 0 0 1176
"974062" 975 125 0 0 1176
"975062" 976 125 0 0 1176
"976062" 977 125 0 0 1176
"977062" 978 125 0 0 1176
"978062" 979 125 0 0 1176
"979062" 980 125 0 0 1176
"980062" 981 125 0 0 1176
"981062" 982 125 0 0 1176
"982062" 983 125 0 0 1176
"983062" 984 125 0 0 1176
"984062" 985 125 0 0 1176
"985062" 986 125 0 0 1176
"986062" 987 125 0 0 1176
"987062" 988 125 0 0 1176
"988062" 989 125 0 0 1176
"989062" 990 125 0 0 1176
"990062" 991 125 0 0 1176
"991062" 992 125 0 0 1176
"992062" 993 125 0 0 1176
"993062" 994 125 0 0 1176
"994062" 995 125 0 0 1176
"995062" 996 125 0 0 1176
"996062" 997 125 0 0 1176
"997062" 998 125 0 0 1176
"998062" 999 125 0 0 1176
"999062" 1000 125 0 0 1176
"1000062" 1001 125 0 0 1176
"1001062" 1002 125 0 0 1176
"1002062" 1003 125 0 0 1176
"1003062" 1004 125 0 0 1176
"1004062" 1005 125 0 0 1176
"1005062" 1006 125 0 0 1176
"1006062" 1007 125 0 0 1176
"1007062" 1008 125 0 0 1176
"1008062" 1009 125 0 0 1176
"1009062" 1010 125 0 0 1176
"1010062" 1011 125 0 0 1176
"1011062" 1012 125 0 0 1176
"1012062" 1013 125 0 0 1176
"1013062" 1014 125 0 0 1176
"1014062" 1015 125 0 0 1176
"1015062" 1016 125 0 0 1176
"1016062" 1017 125 0 0 1176
"1017062" 1018 125 0 0 1176
"1018062" 1019 125 0 0 1176
"1019062" 1020 125 0 0 1176
"1020062" 1021 125 0 0 1176
"1021062" 1022 125 0 0 1176
"1022062" 1023 125 0 0 1176
"1023062" 1024 125 0 0 1176
"1024062" 1025 125 0 0 1176
"1025062" 1026 125 0 0 1176
"1026062" 1027 125 0 0 1176
"1027062" 1028 125 0 0 1176
"1028062" 1029 125 0 0 1176
"1029062" 1030 125 0 0 1176
"1030062" 1031 125 0 0 1176
"1031062" 1032 125 0 0 1176
"1032062" 1033 125 0 0 1176
"1033062" 1034 125 0 0 1176
"1034062" 1035 125 0 0 1176
"1035062" 1036 125 0 0 1176
"1036062" 1037 125 0 0 1176
"1037062" 1038 125 0 0 1176
"1038062" 1039 125 0 0 1176
"1039062" 1040 125 0 0 1176
"1040062" 1041 125 0 0 1176
"1041062" 1042 125 0 0 1176
"1042062" 1043 125 0 0 1176
"1043062" 1044 125 0 0 1176
"1044062" 1045 125 0 0 1176
"1045062" 1046 125 0 0 1176
"1046062" 1047 125 0 0 1176
"1047062" 1048 125 0 0 1176
"1048062" 1049 125 0 0 1176
"1049062" 1050 125 0 0 1176
"1050062" 1051 125 0 0 1176
"1051062" 1052 125 0 0 1176
"1052062" 1053 125 0 0 1176
"1053062" 1054 125 0 0 1176
"1054062" 1055 125 0 0 1176
"1055062" 1056 125 0 0 1176
"1056062" 1057 125 0 0 1176
"1057062" 1058 125 0 0 1176
"1058062" 1059 125 0 0 1176
"1059062" 1060 125 0 0 1176
"1060062" 1061 125 0 0 1176
"1061062" 1062 125 0 0 1176
"1062062" 1063 125 0 0 1176
"1063062" 1064 125 0 0 1176
"1064062" 1065 125 0 0 1176
"1065062" 1066 125 0 0 1176
"1066062" 1067 125 0 0 1176
"1067062" 1068 125 0 0 1176
"1068062" 1069 125 0 0 1176
"1069062" 1070 125 0 0 1176
"1070062" 1071 125 0 0 1176
"1071062" 1072 125 0 0 1176
"1072062" 1073 125 0 0 1176
"1073062" 1074 125 0 0 1176
"1074062" 1075 125 0 0 1176
"1075062" 1076 125 0 0 1176
"1076062" 1077 125 0 0 1176
"1077062" 1078 125 0 0 1176
"1078062" 1079 125 0 0 1176
"1079062" 1080 125 0 0 1176
"1080062" 1081 125 0 0 1176
"1081062" 1082 125 0 0 1176
"1082062" 1083 125 0 0 1176
"1083062" 1084 125 0 0 1176
"1084062" 1085 125 0 0 1176
"1085062" 1086 125 0 0 1176
"1086062" 1087 125 0 0 1176
"1087062" 1088 125 0 0 1176
"1088062" 1089 125 0 0 1176
"1089062" 1090 125 0 0 1176
"1090062" 1091 125 0 0 1176
"1091062" 1092 125 0 0 1176
"1092062" 1093 125 0 0 1176
"1093062" 1094 125 0 0 1176
"1094062" 1095 125 0 0 1176
"1095062" 1096 125 0 0 1176
"1096062" 1097 125 0 0 1176
"1097062" 1098 125 0 0 1176
"1098062" 1099 125 0 0 1176
"1099062" 1100 125 0 0 1176
"1100062" 1101 125 0 0 1176
"1101062" 1102 125 0 0 1176
"1102062" 1103 125 0 0 1176
"1103062" 1104 125 0 0 1176
"1104062" 1105 125 0 0 1176
"1105062" 1106 125 0 0 1176
"1106062" 1107 125 0 0 1176
"1107062" 1108 125 0 0 1176
"1108062" 1109 125 0 0 1176
"1109062" 1110 125 0 0 1176
"1110062" 1111 125 0 0 1176
"1111062" 1112 125 0 0 1176
"1112062" 1113 125 0 0 1176
"1113062" 1114 125 0 0 1176
"1114062" 1115 125 0 0 1176
"1115062" 1116 125 0 0 1176
"1116062" 1117 125 0 0 1176
"1117062" 1118 125 0 0 1176
"1118062" 1119 125 0 0 1176
"1119062" 1120 125 0 0 1176
"1120062" 1121 125 0 0 1176
"1121062" 1122 125 0 0 1176
"1122062" 1123 125 0 0 1176
"1123062" 1124 125 0 0 1176
"1124062" 1125 125 0 0 1176
"1125062" 1126 125 0 0 1176
"1126062" 1127 125 0 0 1176
"1127062" 1128 125 0 0 1176
"1128062" 1129 125 0 0 1176
"1129062" 1130 125 0 0 1176
"1130062" 1131 125 0 0 1176
"1131062" 1132 125 0 0 1176
"1132062" 1133 125 0 0 1176
"1133062" 1134 125 0 0 1176
"1134062" 1135 125 0 0 1176
"1135062" 1136 125 0 0 1176
"1136062" 1137 125 0 0 1176
"1137062" 1138 125 0 0 1176
"1138062" 1139 125 0 0 1176
"1139062" 1140 125 0 0 1176
"1140062" 1141 125 0 0 1176
"1141062" 1142 125 0 0 1176
"1142062" 1143 125 0 0 1176
"1143062" 1144 125 0 0 1176
"1144062" 1145 125 0 0 1176
"1145062" 1146 125 0 0 1176
"1146062" 1147 125 0 0 1176
"1147062" 1148 125 0 0 1176
"1148062" 1149 125 0 0 1176
"1149062" 1150 125 0 0 1176
"1150062" 1151 125 0 0 1176
"1151062" 1152 125 0 0 1176
"1152062" 1153 125 0 0 1176
"1153062" 1154 125 0 0 1176
"1154062" 1155 125 0 0 1176
"1155062" 1156 125 0 0 1176
"1156062" 1157 125 0 0 1176
"1157062" 1158 125 0 0 1176
"1158062" 1159 125 0 0 1176
"1159062" 1160 125 0 0 1176
"1160062" 1161 125 0 0 1176
"1161062" 1162 125 0 0 1176
"1162062" 1163 125 0 0 1176
"1163062" 1164 125 0 0 1176
"1164062" 1165 125 0 0 1176
"1165062" 1166 125 0 0 1176
"1166062" 1167 125 0 0 1176
"1167062" 1168 125 0 0 1176
"1168062" 1169 125 0 0 1176
"1169062" 1170 125 0 0 1176
"1170062" 1171 125 0 0 1176
"1171062" 1172 125 0 0 1176
"1172062" 1173 125 0 0 1176
"1173062" 1174 125 0 0 1176
"1174062" 1175 125 0 0 1176
"1175062" 1176 125 0 0 1176
"1176062" 1177 125 0 0 1176
"1177062" 1178 125 0 0 1176
"1178062" 1179 125 0 0 1176
"1179062" 1180 125 0 0 1176
"1180062" 1181 125 0 0 1176
"1181062" 1182 125 0 0 1176
"1182062" 1183 125 0 0 1176
"1183062" 1184 125 0 0 1176
"1184062" 1185 125 0 0 1176
"1185062" 1186 125 0 0 1176
"1186062" 1187 125 0 0 1176
"1187062" 1188 125 0 0 1176
"1188062" 1189 125 0 0 1176
"1189062" 1190 125 0 0 1176
"1190062" 1191 125 0 0 1176
"1191062" 1192 125 0 0 1176
"1192062" 1193 125 0 0 1176
"1193062" 1194 125 0 0 1176
"1194062" 1195 125 0 0 1176
"1195062" 1196 125 0 0 1176
"1196062" 1197 125 0 0 1176
"1197062" 1198 125 0 0 1176
"1198062" 1199 125 0 0 1176
"1199062" 1200 125 0 0 1176
